133403	124810	133548	135385	119389	120006	139109	129395	113278	120329	110891	135236	118847	108909	103920	124759	117070	124473	123142	124989	129750	130468	120635	118732	135402	130395	135118	135403	116121	138772	105565	139608	113506	137489	132977	115013	128587	120679	107435	125640	129019	122623	141354	131080	127748	132261	115548	128393	140325	139123	135863	126314	121499	118956	130131	145686	134741	127825	
147320	150455	154028	135836	151565	149950	160894	159360	147032	147541	129542	165223	162411	142403	147713	160638	141991	153721	149001	147619	175983	151463	152047	142535	168921	158913	179753	154900	138647	155997	127621	154241	132894	167580	152061	155895	139156	155121	138111	161580	154839	157319	163076	141755	155344	149523	126623	150104	176125	163654	151967	141267	158579	148244	150444	168884	151645	173925	
130602	127847	155397	130514	130827	125836	144741	152298	126543	132078	128177	156616	149995	131234	129972	153268	137856	132856	130458	139537	150279	158078	146048	136348	155275	135652	159787	146716	130444	150903	108468	143914	126709	155510	140119	139295	135988	129299	126305	142087	152810	131962	146047	130281	147296	158042	114119	132746	163762	152684	133770	136007	148927	144882	155596	159732	144878	154158	
136991	124119	140471	130554	134573	118330	143289	134479	115923	120751	114097	142719	122780	126802	115538	131202	120529	132331	124899	127172	135352	139532	130696	132796	146949	126493	148135	141958	111501	147595	120018	136292	125031	129617	125623	133863	116107	124388	108057	139635	139440	135236	141377	116355	127844	134937	116729	125431	142423	140480	134767	126167	132049	127067	133862	144542	138746	147039	
108891	104426	117148	112991	113614	98528	113344	105830	106928	106903	99284	121991	101711	99615	95088	108828	100886	107768	113992	106309	135376	109623	104844	105622	125949	123694	127394	109971	95338	125631	97901	108128	94278	111271	102797	111322	102937	115898	95675	112308	125626	105543	123644	95664	105089	103111	99037	93047	123611	118579	120167	108666	105201	102566	96408	110288	108448	131180	
159982	152064	160526	144146	152224	145610	164551	152278	137510	145490	137702	163762	159437	155364	130181	151076	140201	149109	151043	146359	166283	152728	154229	143035	169718	164708	180064	158259	141412	163668	131098	155628	142441	167113	144519	148728	148043	145818	138882	165063	166978	149283	156963	151995	162064	156395	134514	155693	181366	161760	170730	160319	158327	141817	153830	161214	154172	168801	
157388	139505	172714	145963	132901	138940	154771	146954	139484	147807	128054	167005	152952	135393	139087	156470	143233	155727	135306	140286	163257	158334	151492	142232	163793	146731	172894	163428	135511	160179	136259	164633	129952	152369	149704	152249	145344	146486	127368	146143	167048	154507	155236	137464	149853	155476	131483	147327	180365	156732	154470	156475	148869	157167	149405	164846	150275	163099	
152803	147256	156833	140327	131091	137440	154324	151080	134768	149646	134822	168464	147722	133443	136773	148172	140849	147013	131430	147665	155328	154826	159855	146503	165194	141215	165597	151670	132256	161456	124349	165914	132687	155221	152176	143467	144284	133792	124506	138089	168864	141627	159614	138264	137475	156835	134800	141223	163276	161677	147400	151357	147030	157254	150953	163858	152472	171595	
126829	116004	129067	126939	128259	125800	124283	113520	112185	121330	111886	138447	118212	112423	115765	119057	118103	121671	130319	123503	139576	127749	119927	113720	129913	126231	139603	126066	118939	149691	109664	131899	108842	136768	117358	128687	109774	124149	113059	125932	136862	96948	130304	106670	121597	119500	108484	116392	134562	136514	127155	117725	119962	116796	122905	119985	127275	138887	
139494	148392	149731	125903	134207	124783	160117	150270	130389	130222	124546	154683	151899	135875	133848	159044	127439	145542	129929	123363	147436	144751	143919	133921	161529	129318	160548	149318	113553	139399	120082	147944	121551	139057	137247	148236	140072	140541	113744	138956	145325	131994	146559	130430	136946	152429	127668	134242	165773	137268	150019	139096	136951	147998	144772	160226	143077	156388	
150726	141463	152200	152046	146117	147221	151586	151500	142179	138861	131420	171696	152570	140088	139406	152024	138329	141483	135110	145467	168642	157820	143688	149442	178242	147027	175568	146991	143622	167869	127426	157448	145897	170734	144244	153171	133610	144750	115757	152348	174467	153805	148583	130193	148714	159533	122652	142094	176241	156703	146293	133922	151178	155486	146501	149575	153009	166285	
179108	174492	178309	166672	166657	173553	185891	175964	154290	170353	155040	200627	181664	172317	158675	180721	177463	166284	170206	169288	200193	166041	173219	164468	196762	185989	196666	184833	162735	173494	150331	178458	147408	189567	174216	172851	166822	172405	145486	179908	188633	177729	186612	163833	176729	187223	149928	165160	200466	177937	182913	169527	166937	175322	180841	187957	175457	188392	
140169	130384	149007	142279	159217	126808	158078	158380	126844	131744	127879	173596	146418	131162	138400	154707	126697	141723	135197	142402	165195	151952	145766	143988	154656	148559	166337	143274	135739	166479	124084	159400	138115	158441	138858	155169	129538	136078	125522	145405	166264	150774	159855	123075	144148	160806	127883	146627	168412	164499	135732	141899	149067	146457	144757	156950	144711	165623	
141638	145660	146650	138486	148131	126648	171138	157069	121494	140464	124036	154007	147194	136560	128757	154187	137645	154629	131377	151923	158948	145847	154514	153224	161055	141949	173570	143684	137061	149957	116353	155741	127853	150017	143744	154158	149790	151733	118290	152992	161465	131686	167695	150252	147399	151600	133960	139388	183268	150655	144586	156003	157765	141416	147343	164446	139273	164539	
158895	144905	163516	139304	149615	133409	159278	160688	136657	144102	127225	168816	151007	133885	148942	148965	143014	151996	133815	149897	162790	145591	148733	148205	160512	147342	173149	151317	148020	169560	122939	165780	139641	165230	146610	152665	144967	152221	138345	159095	181045	154537	149411	134626	151156	159878	125337	151648	177887	164322	155815	153731	155739	150406	152667	168241	154061	173338	
139433	136954	139588	123958	133457	125309	127049	131985	115337	138664	117171	153323	135833	120886	118676	137588	135843	142373	125018	127728	160485	142704	139970	127124	143255	128354	141079	137115	122699	152279	127936	140269	127436	149330	128059	142097	125707	138065	113829	148598	144870	129274	143392	118366	130316	131183	112420	123129	148446	142717	132056	130045	137170	132061	127227	142311	139916	149486	
144019	132334	141060	129607	128141	129055	141528	133127	108561	132289	108423	148574	120674	127538	119416	128566	124375	138139	118433	124916	149595	146381	129189	126255	143716	135998	142499	133140	128893	139157	109644	133923	119677	135665	124251	127224	116396	125201	114552	131493	138991	133514	141929	125958	137019	135092	114151	136807	141850	135076	142814	131433	131521	119361	140706	134915	127883	150006	
130648	123886	132804	113651	118478	122848	140157	128016	111655	115825	105278	127037	120966	104042	118969	126947	124569	133901	117433	121966	150560	126050	129253	126546	146021	127040	129618	137635	114984	134309	113177	141837	110174	131589	130742	132934	115429	127126	98022	131920	142687	126407	134570	120315	124512	129697	107246	112696	146309	142085	129759	126221	120332	121560	115929	129529	127092	145952	
131116	136373	141433	139874	149597	139846	142099	133823	123836	138728	125878	150738	135159	132885	118192	144821	139320	140436	131753	141279	166733	154215	140301	138875	151536	138498	159436	127116	128678	148871	116620	141652	134758	148687	124065	150108	122468	131160	115507	139831	151001	122754	146127	123523	125156	142651	132054	121647	165413	137275	130450	131999	139974	137971	140040	138974	130834	156553	
158154	146259	155813	139143	144204	140990	154285	152491	142736	143260	125831	160183	152648	140210	142311	146379	138209	159082	140424	144182	161782	148490	152092	149914	144082	151492	160908	151622	131163	152418	128507	159863	136618	156628	151854	154072	136020	149851	139974	167483	161365	143357	151798	150609	148337	152761	127523	138631	166143	154424	155860	157807	157855	144252	147707	170502	149066	160511	
145978	159856	161466	153960	154410	148577	162277	151830	145660	144759	144813	174963	163582	142151	145634	163631	149169	151354	156781	148101	168296	158408	158813	150389	176714	147084	171820	158294	148218	167529	136299	159880	140685	174975	153568	151854	145897	151305	125840	157768	170218	161006	148915	140533	146368	158499	130439	146679	175755	162979	157111	140532	151157	163482	160307	161302	156230	171522	
156763	156704	182206	168355	155682	147386	173402	168587	166458	148261	138066	197055	162759	153505	150684	166713	146567	169981	150253	148372	181038	175596	157356	150835	185631	172485	191327	159990	146585	168228	135911	170310	138950	168143	167004	171969	157029	157808	126524	163557	185892	171001	160269	148040	158089	177348	143410	154910	186451	166687	159768	156327	161176	164987	163189	170054	164455	189250	
152879	147797	160527	148854	145272	155373	144440	149941	126325	142802	127844	160025	141033	147817	135801	156775	147348	149606	149950	142196	156456	156893	149276	156078	161939	140378	170593	163272	140867	152982	127401	156308	135673	177578	147125	145713	151284	147748	129647	149853	159684	141469	142051	142846	155043	153446	132951	139197	181547	150159	153828	147154	150088	142789	167987	161466	147976	161335	
152814	135952	142632	140348	146788	146515	154989	140434	141961	138642	125808	151794	146311	135934	136976	143838	135239	157955	136058	140137	156935	157202	140114	146507	163377	145024	159522	143789	132195	161535	129767	158267	144833	161500	144538	155698	130729	143779	116985	148557	153780	143904	144728	137405	140845	159695	131301	138113	172888	152237	155283	142102	153849	147413	135242	157058	149546	155691	
137454	145782	150168	152160	154244	129251	156674	147932	130469	136530	121905	159041	143924	138201	128934	143601	129595	146356	147087	136990	163584	154795	147263	127727	161823	136747	165799	146766	141516	155777	119685	136277	121844	149490	140634	152935	138177	140230	129376	151509	154581	132768	155573	137854	141803	149861	126948	141880	162727	156691	138376	136884	140910	140564	154701	152642	145746	157838	
162672	158932	174091	160032	162441	151780	172798	166287	149912	163159	145484	171234	160237	160359	141915	168296	159254	167721	157573	156374	178916	172341	159444	148466	176890	161607	189068	161687	155620	173303	131764	164974	151360	165017	151760	167355	164907	154552	145876	171804	179002	154411	173033	155679	169033	168365	140921	155329	194470	174875	163286	159890	158366	157177	171205	177531	176327	175817	
153471	132267	153714	139426	130952	150734	157573	143162	125985	155504	124285	149704	148983	132206	133226	145495	138070	163678	133681	131328	148975	156626	131157	133159	153497	134187	160770	142461	138020	147670	117888	150287	135845	140922	140716	143051	138630	129289	118021	148028	142932	135159	160451	137118	137351	145927	117514	131360	159943	144842	148232	138642	145025	133485	156052	148509	151090	151311	
120952	124709	121344	125253	130350	127574	126954	123640	114482	113384	103815	151886	116881	126644	111228	136141	106966	127039	120294	121407	144658	133762	113772	126091	138951	126552	151439	127569	117984	136761	99607	119232	110227	140706	119327	132869	109433	115958	109564	130600	139178	114128	128526	113637	122759	132584	107493	125445	142278	120201	118412	114988	122749	128615	142815	135104	120317	132905	
135785	136623	144115	135855	137491	119570	152734	133408	129799	120401	117391	153989	129286	119964	125369	140401	121696	141790	135475	130448	153834	141039	142109	125938	150517	140704	151564	138900	128380	147439	117524	142947	118092	133391	138106	127258	128059	131596	120331	148460	156179	134409	140925	128507	129712	134439	116850	139839	146938	150382	137845	133802	139731	131272	137595	140656	127392	149750	
151396	141372	158719	137219	148450	135724	171626	157383	141517	148638	140527	164025	165118	147395	147010	166490	140104	154111	150492	144055	155923	150531	153646	134912	159117	146572	174492	151699	137433	154670	124992	161516	141556	150574	146440	149167	150455	144950	129534	155065	158413	146902	158007	136271	152789	153073	127292	150483	171544	165721	151548	143832	151995	152608	155188	160631	146477	163906	
162226	148762	153534	142053	136321	141518	162648	142501	118650	146438	122731	161828	142663	133144	137055	156387	140430	156983	142588	149840	159746	143975	160665	147780	158109	141524	165869	173167	151366	157551	127492	170649	134345	156944	154002	139064	150404	145580	137474	154927	156894	135210	170671	142198	145102	157646	137476	147630	185462	162114	150149	159964	154600	142951	157812	162729	143922	166254	
142022	148312	133486	139367	138479	133357	147205	132875	130595	121822	116946	157337	143494	134933	125373	152321	136130	139299	134487	121870	161268	143510	144728	133466	166677	135420	167117	155891	134052	136584	120742	132795	116865	146864	150245	135714	144877	135486	124387	138451	145267	116650	146767	142566	130467	143976	125224	128716	162430	134565	139879	132240	133597	132806	156575	146288	144579	151045	
164165	152691	163157	145097	149327	149231	146916	154492	132623	153557	120066	173739	138691	135696	140293	161471	133030	156071	152098	144930	173955	155553	157754	155360	163784	155019	175727	171557	141724	179659	136221	166672	144292	158728	158884	153177	135334	140890	132819	147912	178440	148500	163431	139956	161042	151406	131561	154343	177037	172865	163411	159150	154660	154111	147769	165661	160585	180512	
157178	150390	151611	158399	163592	153996	169504	148630	144770	139502	128865	165969	151930	144909	135849	160538	147164	155133	148831	146436	175552	159032	155341	152467	172322	156682	182811	157653	151351	166864	127670	156097	137546	170435	160102	141898	144001	143781	138491	161114	173309	144083	156536	150776	135132	159024	147827	159418	181378	163532	147568	153464	149714	136749	164951	165509	152380	166770	
159711	160466	160004	156429	153040	164571	156514	161092	149654	158118	137908	184301	149936	148225	147005	160617	157090	171894	147525	158412	179515	160722	151206	163112	191838	162414	180191	156864	133293	168409	127074	178729	150720	176592	167093	173594	146037	156974	131947	170585	187099	168752	167391	150212	150828	181046	150604	145576	187754	161625	155922	160609	153121	169644	158020	173725	156838	187678	
149792	146289	153793	149499	148802	148489	163746	153704	127027	137102	125665	154717	149340	135690	133827	159432	145480	156254	149808	142114	161249	144589	152997	147959	166370	148894	172002	157797	135758	152013	120438	157885	128367	154328	150658	147306	145268	139098	119026	153894	157851	136582	158171	144167	145316	164700	129341	142376	182184	147372	145086	148599	145606	147762	154563	158387	156432	164958	
129936	129820	137483	132141	129858	124177	135925	125509	123666	118644	115100	149150	125499	124476	121665	133801	135289	135383	123422	114480	153620	139166	123471	122400	165822	131488	150793	141959	120419	144117	109454	123093	106583	135640	128362	129713	126993	128945	116086	131389	141186	135423	136351	110111	127803	144235	111565	117608	153395	132471	127343	127529	124602	133826	138469	144073	136424	141876	
146294	155831	147514	151228	143505	139595	154353	146476	137149	138996	131511	165893	151803	143828	128182	157263	132189	148240	156088	127170	160692	144413	147061	134644	169675	158030	169890	163251	137958	154302	118591	148153	128931	158162	144265	139000	147028	143854	127056	151116	156222	153978	154059	137960	145805	158389	126107	147231	166724	159402	159999	137231	140929	146450	156676	161723	149700	157256	
152054	139009	154184	138301	137320	145143	156439	150131	139696	139376	139100	169680	148238	145440	137522	158732	133262	150221	142482	143754	158433	153727	143672	139442	170204	156106	179033	162185	129722	159372	130146	150310	133045	158883	143244	146882	156599	146080	128888	158802	161925	155616	164363	142949	153145	148986	123943	140104	166567	151254	162829	143776	154655	149079	156339	157673	159468	169803	
150769	142274	158399	139447	149027	147764	169470	154605	139838	143882	130567	164366	159973	150185	140063	165353	147630	157350	147582	140834	170005	158006	148880	142690	186636	144298	182340	164749	150220	161130	129703	152903	138571	152091	150768	161592	149849	146893	130353	167626	173581	158750	162780	141784	150472	162592	136076	146765	183139	159484	158674	156353	159355	153104	159446	166114	164178	164844	
142735	142152	143093	128268	135414	132795	138663	137247	127773	129323	132086	147269	127755	127680	120862	148196	139175	131073	137092	130242	148762	134237	136849	136648	143830	148382	148338	143079	125592	141105	109413	143782	122539	159210	144293	135626	132851	125568	125751	140073	149911	137109	131390	120961	124836	155857	135409	129740	152324	144945	148762	142169	130118	135913	145045	147999	133160	155691	
146103	146369	158471	146904	153011	140334	164336	156460	133706	144066	136624	180745	154155	141594	133046	155371	148013	141388	136733	152174	168863	156635	144868	138676	169385	154287	173457	153917	141189	160304	126447	161316	138078	160836	141866	156011	151231	149262	120891	149213	169730	156465	163391	137944	146858	157302	135339	145988	172920	164353	150928	144318	142164	145986	157521	159768	152855	166728	
172083	161579	174331	149610	164019	158755	182405	182675	148440	158706	147410	176911	170690	148504	161426	168535	147914	163078	159611	159532	185329	158516	167300	152099	164605	170700	190299	170612	149078	171254	143252	184635	155752	171930	168352	172972	153871	160091	143956	175933	186773	170740	169812	159855	168654	174717	150864	165009	186038	188611	172346	175755	168142	162274	154667	177448	166871	184594	
147623	146838	158675	142093	140793	136189	155254	139435	136957	131691	121919	163679	144479	134936	123391	144428	141585	138561	126683	150378	150865	153538	146676	147687	169745	135292	154161	148457	139999	157966	129281	152062	124730	158823	143622	140828	130684	137513	121623	155143	152754	145047	147143	125737	133391	148738	121463	144910	169385	153981	138643	132749	138295	144545	154829	159809	148454	157769	
143533	143542	142508	145887	142902	143371	155401	148244	139175	151601	134781	161776	148764	129673	136091	149140	136527	154295	149909	140090	165140	155302	146887	150789	164007	140175	178531	148290	137814	153007	126581	157670	131417	150404	156575	147605	145135	140630	128938	144386	159235	141266	173346	142338	126980	142749	132543	123493	174150	158708	145501	155847	152983	143801	138571	158346	155057	161035	
149819	158440	158944	150794	143479	149062	166419	156730	140988	156371	133853	171476	170258	146841	138053	158957	147875	156153	143166	146678	175428	162340	163601	137929	176338	146423	175694	161555	150722	159995	125838	159589	128955	160984	149309	150175	156808	152805	128869	158557	161791	142051	168999	152043	148991	157216	134516	146074	177790	162388	155526	149278	152475	149124	164884	158736	149041	169111	
141208	135640	152649	143738	140397	144073	167641	145277	132108	135291	124498	161125	158839	140235	135654	155498	135174	138549	142361	140584	162613	144755	140470	132521	167495	147351	172702	151954	121404	144866	116131	155697	127413	142773	135449	146553	142137	145231	118563	152877	155761	129273	160168	140206	148232	151194	130064	133869	174988	147219	144266	136861	147592	140737	148174	157634	141922	148775	
133344	141114	142430	134370	134706	126441	147856	138874	127456	134853	128651	163213	141867	138148	127875	152960	137540	138317	134026	139034	162675	149484	138287	123055	168372	145464	162048	145286	122978	148700	111330	144306	125511	154015	131747	143101	146595	143820	125861	150623	154725	134809	151434	137508	143616	149016	127840	142878	155472	144376	144299	124800	138998	141540	155447	153353	135871	153999	
0	0	0	0	0	0	0	0	0	0	0	0	0	0	0	0	0	0	0	0	0	0	0	0	0	0	0	0	0	0	0	0	0	0	0	0	0	0	0	0	0	0	0	0	0	0	0	0	0	0	0	0	0	0	0	0	0	0	
0	0	0	0	0	0	0	0	0	0	0	0	0	0	0	0	0	0	0	0	0	0	0	0	0	0	0	0	0	0	0	0	0	0	0	0	0	0	0	0	0	0	0	0	0	0	0	0	0	0	0	0	0	0	0	0	0	0	
0	0	0	0	0	0	0	0	0	0	0	0	0	0	0	0	0	0	0	0	0	0	0	0	0	0	0	0	0	0	0	0	0	0	0	0	0	0	0	0	0	0	0	0	0	0	0	0	0	0	0	0	0	0	0	0	0	0	
0	0	0	0	0	0	0	0	0	0	0	0	0	0	0	0	0	0	0	0	0	0	0	0	0	0	0	0	0	0	0	0	0	0	0	0	0	0	0	0	0	0	0	0	0	0	0	0	0	0	0	0	0	0	0	0	0	0	
0	0	0	0	0	0	0	0	0	0	0	0	0	0	0	0	0	0	0	0	0	0	0	0	0	0	0	0	0	0	0	0	0	0	0	0	0	0	0	0	0	0	0	0	0	0	0	0	0	0	0	0	0	0	0	0	0	0	
0	0	0	0	0	0	0	0	0	0	0	0	0	0	0	0	0	0	0	0	0	0	0	0	0	0	0	0	0	0	0	0	0	0	0	0	0	0	0	0	0	0	0	0	0	0	0	0	0	0	0	0	0	0	0	0	0	0	
0	0	0	0	0	0	0	0	0	0	0	0	0	0	0	0	0	0	0	0	0	0	0	0	0	0	0	0	0	0	0	0	0	0	0	0	0	0	0	0	0	0	0	0	0	0	0	0	0	0	0	0	0	0	0	0	0	0	
0	0	0	0	0	0	0	0	0	0	0	0	0	0	0	0	0	0	0	0	0	0	0	0	0	0	0	0	0	0	0	0	0	0	0	0	0	0	0	0	0	0	0	0	0	0	0	0	0	0	0	0	0	0	0	0	0	0	
0	0	0	0	0	0	0	0	0	0	0	0	0	0	0	0	0	0	0	0	0	0	0	0	0	0	0	0	0	0	0	0	0	0	0	0	0	0	0	0	0	0	0	0	0	0	0	0	0	0	0	0	0	0	0	0	0	0	
0	0	0	0	0	0	0	0	0	0	0	0	0	0	0	0	0	0	0	0	0	0	0	0	0	0	0	0	0	0	0	0	0	0	0	0	0	0	0	0	0	0	0	0	0	0	0	0	0	0	0	0	0	0	0	0	0	0	
Execution time: 1060 microseconds